0.116206 0.786096 
0.106035 2.28942 
0.1111 2.86189 
0.106831 -0.629294 
0.127334 2.18972 
0.144084 0.0515261 
0.156395 2.35679 
0.161345 2.18782 
0.155735 -1.06585 
0.0965981 -0.960179 
0.122884 -1.49038 
0.111748 1.53186 
0.130021 -1.73786 
0.107508 -0.0922587 
0.113648 -0.402377 
0.11925 1.14857 
0.185924 -2.38839 
0.132748 -2.15325 
0.113065 -0.917723 
0.186958 0.956194 
0.115045 2.31786 
0.119806 -0.329097 
0.120679 2.36492 
0.139121 -0.249425 
0.115588 2.36928 
0.174986 -0.0557095 
0.0912553 -1.07491 
0.116408 0.517722 
0.120469 -0.487217 
0.120132 -1.76611 
0.125166 -2.33832 
0.132056 -2.23843 
0.113061 -1.81172 
0.117051 -2.21849 
0.118517 -2.50961 
0.182149 1.04272 
0.126202 -0.554271 
0.104721 2.37107 
0.135218 -2.20708 
0.126197 -1.87166 
0.103516 -2.28466 
0.12578 0.299318 
0.105862 2.15377 
0.0991261 0.711706 
0.107609 0.197728 
0.110513 1.02325 
0.0955544 -1.96713 
0.12767 -0.754426 
0.121655 0.610542 
0.123998 0.374918 
0.113148 0.415046 
0.170109 0.943099 
0.11133 1.45197 
0.119481 0.931743 
0.121422 2.87048 
0.121812 -2.21735 
0.12462 2.56738 
0.12238 0.461016 
0.100576 -0.147329 
0.113792 1.24694 
0.116851 2.47045 
0.10493 -2.19013 
0.110781 0.0465532 
0.127666 0.166915 
0.104734 0.712085 
0.0905727 1.25368 
0.126094 1.28248 
0.120786 -1.17162 
0.0930123 -2.31657 
0.118687 2.59278 
0.137041 -0.915536 
0.111391 -2.57629 
0.163358 -1.68143 
0.129807 2.18937 
0.139207 -1.75401 
0.112509 2.06006 
0.105489 -2.03586 
0.0916694 0.82092 
0.114214 -0.862687 
0.108633 -1.31852 
0.110623 2.98493 
0.118315 1.09161 
0.111206 -2.59132 
0.0936925 -2.44594 
0.114236 -1.84979 
0.131616 2.0952 
0.121056 0.560423 
0.128308 3.11521 
0.129389 -0.844398 
0.125736 -1.55042 
0.187471 -1.29528 
0.115354 2.54277 
0.112621 2.52848 
0.127005 0.485282 
0.105309 -2.00844 
0.184055 0.0431406 
0.130369 -2.3457 
0.130398 0.19313 
0.0946225 2.4667 
0.110638 2.18933 
0.171206 0.680514 
0.113366 1.27146 
0.110194 -2.9775 
0.112819 -0.830295 
0.0978082 1.13071 
0.127607 -1.04514 
0.103214 0.705871 
0.0982157 0.919389 
0.13169 -0.307718 
0.146971 -0.988676 
0.0998751 -0.147925 
0.15641 2.00043 
0.117542 -2.78559 
0.113931 -2.44797 
0.121032 2.07054 
0.128026 -0.404548 
0.121896 1.34337 
0.116229 -2.14275 
0.13063 -0.890663 
0.122702 -2.38165 
0.125256 1.08393 
0.111951 -2.42669 
0.161132 -1.66836 
0.11145 0.126322 
0.128279 2.22122 
0.121219 -1.24721 
0.130488 -2.32171 
0.105875 0.845979 
0.119531 1.1964 
0.119745 -3.10247 
0.11716 -0.433884 
0.116734 1.35666 
0.102154 -0.868097 
0.126415 0.310831 
0.11858 -0.952488 
0.122267 0.168393 
0.11736 0.57135 
0.120693 0.763621 
0.122426 0.124386 
0.119177 0.0558801 
0.170397 2.02001 
0.117634 -1.08661 
0.187273 1.00364 
0.114033 2.44473 
0.118977 0.462631 
0.0923085 -2.82644 
0.124675 -0.351155 
0.110875 1.31298 
0.115357 0.353209 
0.115407 0.638136 
0.13084 1.02287 
0.122763 -0.913442 
0.150438 -1.09229 
0.150438 -1.09229 
0.102694 -2.22329 
0.111016 -0.0588829 
0.117432 -1.23901 
0.100256 -2.07778 
0.113247 -0.926019 
0.0965817 -0.359094 
0.184356 2.83818 
0.113776 -0.719044 
0.105938 0.278676 
0.131779 2.68507 
0.123696 -0.175973 
0.118455 -0.149293 
0.134046 3.11697 
0.10894 -0.135099 
0.156902 1.37128 
0.126964 -0.970316 
0.11354 -1.31946 
0.115618 -0.347203 
0.175056 2.80593 
0.13371 2.79912 
0.116921 -2.17179 
0.169942 2.37778 
0.124748 2.63365 
0.120505 1.20687 
0.187669 2.71658 
0.131874 -2.43589 
0.125706 2.43188 
0.119174 -1.86721 
0.125912 -1.729 
0.160894 0.324365 
0.0973594 -1.00993 
0.110669 1.36172 
0.0964259 0.475946 
0.122379 0.407456 
0.112878 2.00431 
0.124963 -2.22212 
0.154457 1.21783 
0.158772 -1.97678 
0.140045 -0.276166 
0.12586 0.309346 
0.14716 -2.65958 
0.118551 -2.04051 
0.108783 0.422602 
0.0958103 2.25706 
0.112108 2.22684 
0.112346 1.79512 
0.118532 0.861387 
0.126351 -1.24721 
0.134983 1.10938 
0.161828 0.00128549 
0.122747 1.28361 
0.122747 1.28361 
0.129271 0.641277 
0.140983 -1.01191 
0.128438 0.60198 
0.116156 1.01335 
0.112294 -0.864728 
0.0923785 1.02437 
0.124414 2.37855 
0.169045 2.96413 
0.125122 0.172089 
0.185598 2.47482 
0.112622 -2.77809 
0.121389 -2.29348 
0.119015 2.84116 
0.130435 3.00832 
0.129939 -0.931714 
0.157082 -1.4561 
0.107025 1.7905 
0.101071 3.13959 
0.110843 1.65292 
0.108109 2.37222 
0.105752 -1.24804 
0.116782 -1.1809 
0.128274 -1.68036 
0.123855 1.15187 
0.111076 2.63885 
0.129755 0.975203 
0.119388 0.362424 
0.139473 2.96593 
0.0985432 2.43117 
0.114512 -0.126406 
0.111154 -0.691339 
0.113277 -2.68822 
0.148705 0.579414 
0.115645 0.408734 
0.0962786 -1.55308 
0.147407 -0.776634 
0.12958 -1.1605 
0.130245 -1.11521 
0.145399 2.99351 
0.113467 2.24549 
0.133052 -1.88816 
0.106804 0.519665 
0.114506 -2.7096 
0.113375 2.89938 
0.118792 2.75663 
0.0929547 2.20954 
0.0929547 2.20954 
0.11361 0.83477 
0.104197 0.0588629 
0.121872 -1.70789 
0.112471 -0.670821 
0.126252 -1.55106 
0.153837 -1.53611 
0.143963 -1.75784 
0.11747 -1.8617 
0.123025 -2.19229 
0.186853 -0.558327 
0.115939 -1.90517 
0.117485 2.21683 
0.125169 -0.455158 
0.110621 -1.11726 
0.169102 -2.23583 
0.125052 0.661407 
0.125052 0.661407 
0.119468 2.83182 
0.115472 -1.76888 
0.170396 2.32813 
0.171733 -0.710384 
0.123901 -1.97623 
0.112029 -1.56825 
0.123481 -1.90695 
0.120959 -0.72366 
0.116225 1.83951 
0.147566 -0.92932 
0.0938941 2.33085 
0.122484 0.957775 
0.126096 0.337211 
0.128085 -0.557064 
0.116236 -0.471828 
0.134684 2.10514 
0.121896 -1.78756 
0.121397 -2.09605 
0.126402 0.493267 
0.188039 -1.57639 
0.128592 -0.666332 
0.162583 -0.711522 
0.183531 -0.593267 
0.151865 -0.501904 
0.128957 0.256115 
0.096424 -0.908295 
0.116884 -2.46854 
0.116984 -2.41479 
0.11354 -2.87301 
0.0903141 0.924716 
0.109962 -2.54648 
0.104732 -0.477975 
0.11665 2.31354 
0.140834 1.04386 
0.182883 -1.96779 
0.128977 -2.68276 
0.139653 0.184594 
0.113933 0.863245 
0.099703 -1.82927 
0.0983889 -2.31266 
0.127479 -2.23444 
0.116588 0.0635264 
0.117213 -2.62672 
0.119236 -0.0460103 
0.123352 -0.705584 
0.187186 -1.56826 
0.170691 3.05436 
0.124647 2.4914 
0.120691 0.736062 
0.114042 -2.21702 
0.105633 -0.816768 
0.111667 -2.63947 
0.10158 -2.63792 
0.096286 -1.00835 
0.112984 2.95762 
0.0901846 -1.09975 
0.148577 1.03453 
0.0995718 -2.5781 
0.1245 3.11804 
0.120851 1.27508 
0.129391 2.95838 
0.118582 2.34944 
0.117177 2.56706 
0.109825 -2.75092 
0.12651 -0.657693 
0.113584 1.19492 
0.111374 -0.530979 
0.179413 -1.04305 
0.113266 0.995231 
0.103291 -0.62587 
0.12456 1.12531 
0.118207 -2.2397 
0.119537 -1.71719 
0.151147 2.01262 
0.121997 0.88338 
0.120889 0.27983 
0.112783 -1.66454 
0.128574 2.04555 
0.111196 1.32094 
0.115794 -1.54869 
0.116799 -2.51703 
0.122074 -2.16812 
0.122084 -2.1718 
0.112352 -2.27517 
0.111555 2.30806 
0.0960633 0.841363 
0.143107 1.83108 
0.1184 0.80815 
0.111459 2.45587 
0.124302 3.09326 
0.126602 2.942 
0.124004 -2.25999 
0.114534 1.75864 
0.13297 0.13612 
0.122905 3.07999 
0.119531 1.14222 
0.119594 -1.81134 
0.128258 1.01879 
0.120679 -0.987897 
0.121686 0.546798 
0.107119 0.3897 
0.130552 -2.27736 
0.126495 -0.48757 
0.0942378 1.80818 
0.112412 0.0736073 
0.130585 -2.19452 
0.12328 2.87214 
0.123796 0.824288 
0.125588 -0.0763769 
0.117127 2.47091 
0.128315 -0.621929 
0.117062 2.05641 
0.111034 -0.725755 
0.131099 -1.11196 
0.107557 0.121789 
0.116862 2.78847 
0.115537 -0.945039 
0.0958597 0.755176 
0.110766 -2.36352 
0.119345 2.82302 
0.125736 0.348413 
0.147819 -3.11593 
0.166716 2.1764 
0.187304 -1.47946 
0.114025 2.26916 
0.158001 3.10513 
0.159836 -2.14258 
0.160496 2.43525 
0.121505 0.314877 
0.104456 1.94325 
0.125615 -2.14873 
0.162979 2.80617 
0.122445 -1.61082 
0.114779 -1.12303 
0.0908357 2.72491 
0.104007 2.03135 
0.114077 -2.555 
0.114447 1.15908 
0.117713 -1.92454 
0.119193 -1.40833 
0.119193 -1.40833 
0.11574 2.045 
0.113748 -1.48397 
0.121566 -0.136864 
0.119041 2.64271 
0.121323 0.901698 
0.119868 -2.63833 
0.120729 2.71955 
0.0991219 -1.75615 
0.115507 1.31705 
0.1408 -0.226608 
0.132195 2.78698 
0.112486 1.04422 
0.12949 1.1181 
0.106123 -2.14864 
0.0904668 -0.994539 
0.119006 -2.12825 
0.126481 -1.99516 
0.116926 -0.962793 
0.122993 0.922229 
0.130664 -0.363503 
0.108432 -0.082132 
0.113502 2.22813 
0.116362 -2.44907 
0.115383 -2.58367 
0.121951 0.694493 
0.111064 1.55892 
0.111897 -2.1336 
0.129843 2.09514 
0.121098 1.16587 
0.148166 -1.46303 
0.128887 2.94835 
0.152645 1.58066 
0.131104 -2.201 
0.1069 2.67534 
0.127903 0.636569 
0.10181 -1.18198 
0.11006 -0.584811 
0.104084 -0.210682 
0.165548 2.7635 
0.154745 2.24013 
0.125511 -1.97681 
0.119598 -0.845187 
0.186717 -0.64743 
0.134697 -2.11982 
0.121167 -1.8074 
0.116681 -1.16608 
0.127501 -0.407104 
0.128534 0.301532 
0.122845 -0.125733 
0.114485 2.97042 
0.104593 -2.99898 
0.123755 -2.36852 
0.107515 -0.840303 
0.12553 -1.08364 
0.114348 1.33004 
0.172127 -2.38233 
0.107971 2.67925 
0.140858 -0.83534 
0.151708 -1.04551 
0.11946 1.19931 
0.102716 -1.87344 
0.109403 1.84754 
0.130101 -1.0299 
0.102592 2.05042 
0.104563 2.99035 
0.16717 0.528871 
0.12626 -0.675702 
0.177381 -1.61709 
0.128962 2.95181 
0.102766 2.78193 
0.164668 1.25596 
0.141916 0.816721 
0.116712 -1.33987 
0.117997 -0.957699 
0.108352 -1.85983 
0.124827 0.155358 
0.123549 1.19797 
0.125957 2.86292 
0.126564 -2.35046 
0.178703 1.70894 
0.113761 1.40207 
0.126944 1.2576 
0.119353 0.800119 
0.0903086 -1.37163 
0.171208 -1.78882 
0.11661 0.225827 
0.14244 2.65104 
0.109787 0.641277 
0.137211 2.77374 
0.111983 -3.05486 
0.104904 -1.32354 
0.129535 -1.87267 
0.113899 -2.76868 
0.116368 -2.64995 
0.178003 1.18756 
0.123506 -0.754389 
0.0936734 -1.61971 
0.118113 -2.60862 
0.12155 -0.762856 
0.0921868 0.399399 
0.122277 -1.84024 
0.128952 -0.910311 
0.122724 -2.16938 
0.117038 -2.82918 
0.11388 1.3172 
0.115189 -2.70681 
0.146265 -1.61568 
0.120402 -0.736254 
0.115742 1.03279 
0.132875 2.74706 
0.126578 -0.82172 
0.12619 3.11295 
0.126675 3.05093 
0.125935 1.23418 
0.112604 -0.753161 
0.12365 0.28964 
0.181066 -1.06532 
0.187547 -1.51942 
0.125708 0.296933 
0.0982161 -1.6588 
0.120652 -0.91694 
0.105059 0.242412 
0.115928 3.01709 
0.120124 -1.25716 
0.125909 2.58998 
0.118579 0.268565 
0.104206 -0.347412 
0.123093 2.41157 
0.124847 -0.882241 
0.168867 -1.79194 
0.133297 3.09451 
0.108666 -2.19443 
0.12197 0.96198 
0.131906 0.220828 
0.114068 3.02257 
0.129471 -1.68506 
0.127702 -0.850314 
0.0921148 0.948875 
0.113378 2.3264 
0.0956481 3.06234 
0.129911 1.21319 
0.128933 0.373204 
0.122165 -0.178269 
0.104704 -1.58846 
0.143481 -2.34357 
0.1452 1.62745 
0.122897 2.51427 
0.116617 0.62368 
0.117583 1.97405 
0.123149 0.376584 
0.124714 -1.57316 
0.123814 1.21528 
0.0904305 2.28619 
0.110123 2.95314 
0.0970011 2.19558 
0.121414 2.95648 
0.132069 -1.13324 
0.120759 0.966262 
0.103945 1.92499 
0.162193 -1.58618 
0.115746 1.60271 
0.189619 -0.954335 
0.130841 -1.95504 
0.123917 0.193475 
0.112066 -2.02878 
0.123105 -1.08783 
0.12441 -1.57066 
0.1106 2.04088 
0.127237 -0.837719 
0.0938685 2.7903 
0.148197 0.618962 
0.177717 -1.10903 
0.151224 1.13417 
0.183356 1.2533 
0.132477 0.246356 
0.187027 2.56465 
0.123179 -1.63849 
0.122453 -1.18045 
0.15057 -2.37796 
0.130727 -1.5493 
0.093071 -2.10768 
0.121272 0.760303 
0.124531 0.595665 
0.114928 1.25828 
0.0968716 -1.55144 
0.123664 -0.920233 
0.128973 -0.376051 
0.112191 2.03192 
0.131334 -0.796458 
0.11542 -1.97726 
0.123467 -1.86074 
0.0991484 3.04472 
0.13172 -1.66184 
0.124854 -2.02628 
0.143001 -0.825942 
0.107361 -0.628436 
0.117964 2.37169 
0.116102 -2.38226 
0.125586 -0.403978 
0.115753 -2.67074 
0.115563 1.85983 
0.117938 0.0733149 
0.181911 0.927887 
0.158807 0.0377458 
0.113413 1.09522 
0.121782 -1.40833 
0.123071 -1.44074 
0.106636 -0.968394 
0.130948 -1.7039 
0.125103 2.70776 
0.109406 0.8277 
0.105901 -0.757711 
0.112786 -2.23166 
0.113581 -2.20266 
0.117225 -1.37286 
0.179989 1.15992 
0.12033 -0.875845 
0.106329 1.99805 
0.128562 -0.809722 
0.128562 -0.809722 
0.152886 2.10309 
0.111332 -2.30495 
0.114653 -0.964746 
0.130009 -0.824735 
0.101844 -1.69172 
0.113 1.60422 
0.121961 -1.41815 
0.126553 -0.973396 
0.123154 -1.23537 
0.111349 -1.59062 
0.167523 0.266775 
0.113235 -1.70412 
0.127953 -0.821565 
0.0967337 0.374918 
0.129705 -2.4213 
0.126573 2.04705 
0.126724 2.01562 
0.11335 0.510797 
0.104993 -0.334881 
0.11195 -0.979287 
0.152105 0.934844 
0.0971722 -0.701618 
0.120136 0.879798 
0.177054 -1.72001 
0.0904677 0.336564 
0.143027 -1.7207 
0.110391 2.15977 
0.111957 -1.76464 
0.125526 -1.65945 
0.120459 0.974458 
0.126334 -2.45214 
0.102744 -1.44628 
0.118147 2.95973 
0.103904 1.18929 
0.132688 2.41205 
0.169628 -1.61969 
0.0936022 0.981091 
0.160876 0.385652 
0.124074 3.13169 
0.117389 -2.46734 
0.110317 -1.31986 
0.127107 2.35124 
0.103787 -1.03572 
0.135734 -2.31851 
0.122704 -2.36151 
0.119021 2.95814 
0.105436 -0.58836 
0.130961 -0.676331 
0.106117 1.05916 
0.116759 0.391888 
0.105152 -0.404873 
0.182408 1.17352 
0.0995905 -1.96436 
0.0904765 1.36881 
0.112934 3.06231 
0.11635 3.01017 
0.127315 0.125479 
0.121325 0.322254 
0.123959 0.1843 
0.0994269 -2.3801 
0.12316 2.47293 
0.178705 -1.24721 
0.132679 -2.2102 
0.119147 0.308179 
0.0905018 2.52342 
0.0977168 2.25528 
0.123432 0.971049 
0.111412 1.71292 
0.119057 2.46439 
0.124664 2.63141 
0.124858 -2.33932 
0.111607 -2.30656 
0.135883 -1.5709 
0.127025 -1.14333 
0.127784 0.895774 
0.0993401 -1.80119 
0.144432 0.82422 
0.113549 -0.575797 
0.165127 -1.69999 
0.125612 2.11226 
0.106005 1.34271 
0.128403 0.313021 
0.127102 -0.722951 
0.0980601 0.174251 
0.115129 3.13859 
0.116123 2.35248 
0.111013 -0.886905 
0.106733 1.32559 
0.102892 0.0274735 
0.175132 -0.681015 
0.122927 -2.23596 
0.120821 0.603795 
0.11332 1.0967 
0.143485 -2.21185 
0.121225 0.392623 
0.126592 -1.9688 
0.128547 0.427033 
0.0987367 2.22866 
0.124845 -1.9051 
0.126036 -1.72299 
0.116117 1.79573 
0.103936 -0.793034 
0.12423 -2.07767 
0.125333 2.79505 
0.16165 0.635599 
0.15256 1.4338 
0.128004 -2.40135 
0.118728 -1.79553 
0.124617 -1.6007 
0.12526 -0.836163 
0.122705 2.96606 
0.103689 -1.5132 
0.118112 2.61258 
0.160353 -0.962967 
0.0976375 -1.08956 
0.117164 -1.40228 
0.0960538 -0.973364 
0.12147 -0.135233 
0.129464 -2.22755 
0.117394 -0.841302 
0.116602 2.56871 
0.126653 -1.57556 
0.122925 0.546365 
0.112704 -1.16849 
0.167879 2.27133 
0.158852 2.03922 
0.152541 -1.57408 
0.114861 1.80587 
0.094964 2.32257 
0.0956339 -1.75994 
0.114611 1.16939 
0.0965225 2.31893 
0.132943 -1.95067 
0.105443 -1.4682 
0.141317 -2.31224 
0.128574 -1.09528 
0.112254 -2.44992 
0.146578 2.31621 
0.122279 0.442107 
0.0910153 2.28417 
0.116537 -0.715018 
0.118239 -1.08847 
0.130279 -2.35705 
0.128482 -2.23927 
0.118141 -1.91229 
0.167412 -1.17448 
0.107904 2.3367 
0.17237 0.21775 
0.113947 -0.746189 
0.188157 0.754711 
0.102971 2.8967 
0.153784 -0.73895 
0.140661 2.23767 
0.148789 1.52686 
0.10554 3.03497 
0.161488 -2.3434 
0.0934237 -2.44169 
0.0998835 -2.12572 
0.110977 -1.77972 
0.162411 0.425208 
