# First, GRETINA and AGATA crystals
# Cylinder centered on z-axis and front face on z=0
# cr   #s   p#          x,y,z of front (inner) face          x,y,z of back (outer) face
#
# solid 0 - GRETINA Type A
   0    6    0   -26.601460    14.309190     0.000000   -41.812290    22.456740    90.000000
   0    6    1     0.873900    33.434270     0.000000    -0.370500    51.303560    90.000000
   0    6    2    29.035060    18.806490     0.000000    43.813450    28.353050    90.000000
   0    6    3    29.035060   -16.720150     0.000000    43.813450   -27.057040    90.000000
   0    6    4    -2.106240   -31.359840     0.000000    -3.350650   -49.229140    90.000000
   0    6    5   -26.601460   -14.309190     0.000000   -41.812290   -22.456740    90.000000
   0    0    0     5.000000    40.000000    90.000000     0.000000     0.000000     0.000000
   0    0    1    15.000000     1.500000     3.500000     0.500000     0.800000     1.300000
   0    0    2     1.000000     0.000000     0.000000     0.000000     0.000000     0.000000
# end solid 0
#
# solid 1 - GRETINA Type B
   1    6    0   -29.035060    18.819560     0.000000   -43.813450    28.366120    90.000000
   1    6    1     0.326440    34.622460     0.000000     0.497910    52.215310    90.000000
   1    6    2    27.760980    18.624430     0.000000    43.529680    27.121990    90.000000
   1    6    3    27.246880   -16.340780     0.000000    42.755280   -25.546310    90.000000
   1    6    4     1.233470   -33.020040     0.000000     1.932060   -51.721310    90.000000
   1    6    5   -29.035060   -16.661720     0.000000   -43.813450   -26.998620    90.000000
   1    0    0     5.000000    40.000000    90.000000     0.000000     0.000000     0.000000
   1    0    1    15.000000     1.500000     3.500000     0.500000     0.800000     1.300000
   1    0    2     0.000000     1.000000     0.000000     0.000000     0.000000     0.000000
# end solid 1
#
# solid 2 - AGATA Type A
   2    6    0    33.906177    -0.000000     0.000000    48.844467    -0.070710     90.00000
   2    6    1    15.358631    30.461479     0.000000    22.153453    43.765160     90.00000   
   2    6    2   -20.780862    27.320467     0.000000   -28.562085    39.357292     90.00000   
   2    6    3   -33.865099    -3.186191     0.000000   -47.398084    -4.559934     90.00000   
   2    6    4   -20.861304   -27.597830     0.000000   -28.566730   -39.911479     90.00000   
   2    6    5    15.586726   -29.970097     0.000000    22.461355   -43.232708     90.00000   
   2    0    0     5.000000    40.000000    90.000000     0.000000     0.000000     0.000000
   2    0    1    13.000000     1.000000     0.600000     0.400000     0.800000     1.300000
   2    0    2     1.000000     0.000000     0.000000     0.000000     0.000000     0.000000
# end solid 2
#
# solid 3 - AGATA Type B
   3    6    0    34.768773     0.000000     0.000000    49.689796     0.721528     90.00000
   3    6    1    15.189995    29.100143     0.000000    21.480233    42.649698     90.00000   
   3    6    2   -21.610036    27.946520     0.000000   -29.959278    41.037150     90.00000   
   3    6    3   -34.515980     1.715443     0.000000   -48.660064     3.028171     90.00000   
   3    6    4   -17.845056   -29.899266     0.000000   -24.681675   -42.444404     90.00000   
   3    6    5    21.121422   -28.647387     0.000000    29.962271   -40.688852     90.00000   
   3    0    0     5.000000    40.000000    90.000000     0.000000     0.000000     0.000000
   3    0    1    13.000000     1.000000     0.600000     0.400000     0.800000     1.300000
   3    0    2     0.000000     1.000000     0.000000     0.000000     0.000000     0.000000
# end solid 3
#
# solid 4 - AGATA Type C
   4    6    0    34.368758     0.000000     0.000000    49.844467    -0.337546     90.00000
   4    6    1    20.008679    28.248525     0.000000    28.153453    40.513380     90.00000   
   4    6    2   -16.582470    29.653241     0.000000   -22.562085    42.479888     90.00000   
   4    6    3   -33.870627     1.539298     0.000000   -47.398084     1.903863     90.00000   
   4    6    4   -17.834223   -30.216677     0.000000   -24.566730   -43.851923     90.00000   
   4    6    5    15.063353   -29.838670     0.000000    21.461355   -43.323070     90.00000   
   4    0    0     5.000000    40.000000    90.000000     0.000000     0.000000     0.000000
   4    0    1    13.000000     1.000000     0.600000     0.400000     0.800000     1.300000
   4    0    2     0.000000     0.000000     1.000000     0.000000     0.000000     0.000000
# end solid 4
#
# solid 5 - MiniBall crystal (modified KW according to spec sheet)
   5    6    0    34.000000     0.000000    0.000000     39.625319      0.000000    78.00000
   5    6    1    17.000000    29.444864    0.000000     19.812660     34.316533    78.00000
   5    6    2   -17.000000    29.444864    0.000000    -19.812660     34.316533    78.00000
   5    6    3   -34.000000     0.000000    0.000000    -39.625319      0.000000    78.00000
   5    6    4   -17.000000   -29.444864    0.000000    -19.812660    -34.316533    78.00000
   5    6    5    17.000000   -29.444864    0.000000     19.812660    -34.316533    78.00000
   5    0    0     5.000000    35.000000   78.000000      0.000000      0.000000     0.000000
   5    0    1    15.000000     1.000000    0.600000      0.700000      0.700000     1.500000
   5    0    2     0.000000     0.000000    1.000000      0.000000      0.000000     0.000000
# end solid 5
#
# solid 6 - Clover crystal (IMP, updated@Aug27,2021,zqchen)
   6    4    0    -26.000000   -26.00000     0.000000   -26.000000    -26.000000    90.00000
   6    4    1     16.073600   -26.00000     0.000000    53.352800    -26.000000    90.00000
   6    4    2     16.073600    16.07360     0.000000    53.352800     53.352800    90.00000
   6    4    3    -26.000000    16.07360     0.000000   -26.000000     53.352800    90.00000
   6    0    0      5.000000    30.000000   90.000000     0.000000      0.000000     0.000000
   6    0    1     15.000000     1.000000    0.600000     0.100000      0.300000     0.500000
   6    0    2      0.000000   255.00000   255.000000     0.000000      0.000000     0.000000
# end solid 6
#
##Shape#	nSides	Point#	x y z	x' y' z'
##Shape#	0    0  holeR	cylR    cylL    cylX cylY cylZ
##Shape#	0    1  holeL	thickB  thickC  capS capT capS+capT+tol
##Shape#	0    2  colX 	colY    colZ    0.   0.   0.
##
## Where the cylinder has radius cylR and length cylL and is intersected with the polyhedron through a traslation (cylX cylY cylZ);
## the coaxial hole has a radius holeR and is (cylL-holeL) long. The passivated areas are thickB (back) and thickC (coaxial) thick.
## The crystal-encapsulation spacing is capS and the capsule is capT thick; tol is a mechanical tolerance.
## The RGB color components for visualization are (colX colY colZ).

