ID Delta V
1 19.2852
2 19.2846
3 19.4056
4 19.1069
5 19.4713
6 19.2863
7 19.2007
8 19.3881
9 19.1476
10 19.0105
11 19.1384
12 19.1565
13 18.9115
14 19.0286
15 19.4379
16 18.9817
17 18.8992
18 18.6782
19 19.0459
20 18.8453
21 18.7874
22 18.9267
23 18.6575
24 18.8422
25 19.072
26 19.5044
27 19.4049
28 19.0738
29 19.3946
30 19.4726
31 19.121
32 19.1251
33 19.2008
34 18.9232
35 18.8517
36 18.9349
37 19.2574
38 18.7397
39 19.0286
40 18.5307
41 19.006
42 18.634
43 19.2158
44 18.8532
45 18.8342
46 18.9721
47 18.968
48 19.1271
49 18.816
50 18.952
51 18.9897
52 19.0074
53 19.2299
54 19.0185
55 19.2308
56 19.0939
57 19.3677
58 19.5316
59 19.8612
60 19.6356
61 18.6837
62 18.6049
63 20.3056
64 19.1702
65 19.3322
66 19.6835
67 19.0867
68 18.6978
69 17.9037
70 18.9826
71 18.6267
72 18.2024
73 19.0313
74 18.8189
75 18.6591
76 19.3614
77 19.2587
78 18.1176
79 18.7292
80 19.3139
81 18.8809
82 17.6727
83 19.1507
84 18.8959
85 18.0162
86 19.2333
87 18.5977
88 17.6151
89 19.0762
90 18.4975
91 19.0267
92 19.0031
93 19.0938
94 18.7937
95 19.1556
96 19.1339
97 19.3789
98 18.9279
99 19.3174
100 19.3137
101 19.0579
102 18.775
103 19.3587
104 18.874
105 19.4789
106 19.4282
107 19.1013
108 18.9991
109 19.0751
110 18.0316
111 18.9544
112 19.4328
113 18.7139
114 19.893
115 18.3269
116 18.545
117 20.0339
118 18.9662
119 20.0821
120 19.4934
