1 9.87797e-09
2 3.91506e-10
3 3.38268e-12
4 1.70003e-10
5 3.38315e-09
6 1.68019e-06
7 3.93139e-08
8 8.77652e-10
9 3.25902e-11
10 6.3768e-11
11 1.3674e-09
12 1.02739e-07
13 3.02666e-07
14 2.06046e-09
15 1.04076e-10
16 1.47922e-11
17 6.00142e-10
18 1.95196e-08
19 2.12006e-05
20 5.44061e-09
21 2.53628e-10
22 1.31085e-14
23 2.67131e-10
24 5.81552e-09
25 3.49958e-05
26 1.79186e-08
27 5.7071e-10
28 1.29978e-11
29 1.1058e-10
30 2.18007e-09
31 3.58067e-07
32 9.06657e-08
33 1.29659e-09
34 5.93845e-11
35 3.55966e-11
36 9.2386e-10
37 4.35551e-08
38 1.31711e-06
39 3.18471e-09
40 1.60863e-10
41 4.29103e-12
42 4.11739e-10
43 1.06493e-08
44 0.110796
45 9.17312e-09
46 3.72231e-10
47 2.58458e-12
48 1.79568e-10
49 3.59622e-09
50 2.17707e-06
51 3.55698e-08
52 8.33905e-10
53 2.97425e-11
54 6.83652e-11
55 1.44254e-09
56 1.16869e-07
57 2.57534e-07
58 1.9483e-09
59 9.78616e-11
60 1.67153e-11
61 6.31129e-10
62 2.12987e-08
63 1.35793e-05
64 5.09412e-09
65 2.40739e-10
66 1.18008e-13
67 2.81279e-10
68 6.22166e-09
69 6.20634e-05
70 1.64751e-08
71 5.42745e-10
72 1.13293e-11
73 1.17387e-10
74 2.3077e-09
75 4.26665e-07
76 8.03004e-08
77 1.22982e-09
78 5.52067e-11
79 3.87667e-11
80 9.72693e-10
81 4.83743e-08
82 1.04685e-06
83 2.99973e-09
84 1.52129e-10
85 5.31109e-12
86 4.32987e-10
87 1.14947e-08
88 0.00692419
89 8.52806e-09
90 3.53866e-10
91 1.89547e-12
92 1.89579e-10
93 3.82521e-09
94 2.87146e-06
95 3.22547e-08
96 7.9247e-10
97 2.70485e-11
98 7.31846e-11
99 1.52232e-09
100 1.33488e-07
101 2.20472e-07
102 1.84303e-09
103 9.19253e-11
104 1.87703e-11
105 6.63767e-10
106 2.32804e-08
107 9.09381e-06
108 4.77354e-09
109 2.28434e-10
110 3.27972e-13
111 2.96106e-10
112 6.66217e-09
113 0.000121133
114 1.51708e-08
115 5.16164e-10
116 9.78376e-12
117 1.2451e-10
118 2.444e-09
119 5.12414e-07
120 7.13621e-08
121 1.16681e-09
122 5.12273e-11
123 4.2106e-11
124 1.02432e-09
125 5.38681e-08
126 8.42351e-07
127 2.82714e-09
128 1.43782e-10
129 6.44449e-12
130 4.55307e-10
131 1.24229e-08
132 0.00136755
133 7.93686e-09
134 3.36362e-10
135 1.31424e-12
136 2.00057e-10
137 4.07155e-09
138 3.86544e-06
139 2.93113e-08
140 7.53206e-10
141 2.45037e-11
142 7.82351e-11
143 1.60707e-09
144 1.5314e-07
145 1.89812e-07
146 1.74417e-09
147 8.62553e-11
148 2.09607e-11
149 6.98158e-10
150 2.54925e-08
151 6.31573e-06
152 4.4766e-09
153 2.16683e-10
154 6.43334e-13
155 3.11649e-10
156 7.14054e-09
157 0.00027046
158 1.39901e-08
159 4.90889e-10
160 8.35882e-12
161 1.31963e-10
162 2.58966e-09
163 6.20716e-07
164 6.36219e-08
165 1.10734e-09
166 4.74389e-11
167 4.56205e-11
168 1.07894e-09
169 6.01527e-08
170 6.85326e-07
171 2.66598e-09
172 1.35805e-10
173 7.69305e-12
174 4.78759e-10
175 1.34435e-08
176 0.000432619
177 7.39425e-09
178 3.19674e-10
179 8.39972e-13
